% colormap bleu et rouge : EOFs progamme s255_ceof3
% 14 cases
cmap_br14 = [ 0 0 .7; ...
              0 0 1
               .1 .1 1 ; ...
               .3 .3 1 ; ...
               .5 .5 1 ; ...
               .7 .7 1
               .95 .95 1 ; ...
               1 .95 .95 ; ...
               1 .7 .7
               1 .5 .5 ; ...
               1 .3 .3 ; ...
               1 .1 .1 ; ...
               1  0 0
               .7 0 0 ];
%
% colormap 'jet' : STD progamme s255_ceof3
% 10 cases
cmap_jet10 = [0         0         .9000; ...
              0         0.7         1.0000; ...
             % 0.1         1.0000      1.0000; ...
              0.2       1.0000       0.5; ...
              0.7       1.0000       0.2; ...
              1.0000     1.0000        0; ...
              1.0000    0.8000         0; ...
              1.0000    0.5000         0; ...
              1.0000    0.1000         0; ...
              .8000    0.0000         0];
